123456789
180435571
507766388
947384308
6035193736
12187365977
12345678901234
70457204831369
70692404618828
71634976881165
73049045961531
73598133071651
74687624322129
76421319383025
79366863686652
82655670841185
84120496876687
87272651050606
87479186690180
94227935854947
94928591392266
96030964846916
99143048206723
99832044843928
101268994273611
101906294438076
104368298266529
104572654745007
105332257572128
107629225021909
109703706311990
109847084382411
113174257336117
114074615085456
115696416196138
118196125326891
119219253317473
120181247918895
124392921024385
124920646932671
126281074508689
126866972878520
131307365418579
131546047206193
132401905689089
132600999999748
134937924523939
135193838429269
135697536961722
137095705806436
